      0/29     6.72G    0.1011   0.02944   0.02692    0.1574        65       512   0.08984    0.1322   0.04609   0.01196   0.06318   0.02359    0.0198
      1/29     6.65G   0.07619   0.03303   0.02222    0.1314        72       512     0.247    0.4618     0.307    0.1234   0.05344   0.02365   0.01526
      2/29     6.65G   0.06121   0.02951   0.01639    0.1071        62       512    0.6055    0.5564    0.5712    0.2339    0.0428   0.02132  0.008572
      3/29     6.65G   0.05649   0.02756   0.01196   0.09601        68       512    0.6271    0.6785    0.6941    0.3737   0.04318   0.01741   0.00455
      4/29     6.65G   0.05271   0.02428  0.008016   0.08501        58       512    0.6949    0.6759      0.66      0.34   0.04021   0.01725  0.004182
      5/29     6.65G   0.04927    0.0228  0.006264   0.07834        57       512    0.7956    0.7178    0.8054    0.4349   0.03826   0.01589  0.002213
      6/29     6.65G   0.04613   0.02274   0.00668   0.07556        45       512    0.8767     0.778    0.8686    0.4963   0.03399   0.01583  0.002523
      7/29     6.65G   0.04583   0.02188  0.004729   0.07244        77       512    0.7098    0.7348    0.7059     0.404   0.04172   0.01497  0.002066
      8/29     6.65G    0.0467   0.02185  0.005346    0.0739        70       512     0.803    0.7881    0.8393    0.5047   0.03434   0.01498  0.002104
      9/29     6.65G   0.04479   0.02067   0.00618   0.07165        37       512    0.9014    0.6693       0.8    0.4579   0.03276   0.01501  0.008639
     10/29     6.65G   0.04321   0.02129   0.00536   0.06986        55       512    0.8018    0.8361    0.8376    0.4876   0.03443   0.01617  0.007314
     11/29     6.65G   0.04152   0.02176  0.006044   0.06932        48       512    0.8238    0.8325     0.885    0.5399   0.03177   0.01605  0.002137
     12/29     6.65G   0.04105   0.02081  0.007569   0.06943        48       512    0.8653    0.6467    0.8122    0.4486   0.03996   0.01518    0.0025
     13/29     6.65G   0.04233   0.02056  0.005686   0.06858        60       512     0.828    0.7433    0.8357    0.4817   0.03547   0.01675  0.002473
     14/29     6.65G   0.04115   0.02066  0.006318   0.06813        55       512    0.8463    0.8246    0.8857    0.5462   0.03107   0.01471  0.002131
     15/29     6.65G   0.04103   0.02025  0.005941   0.06722        42       512    0.8865    0.7887    0.8906     0.524   0.03408   0.01565  0.001852
     16/29     6.65G   0.04023   0.01975  0.006969   0.06695        44       512    0.8267    0.7851    0.8526     0.509   0.03025   0.01411  0.002531
     17/29     6.65G   0.03701    0.0194  0.004959   0.06137        63       512    0.8368    0.7895    0.8725    0.4988   0.03478   0.01453  0.002186
     18/29     6.65G   0.03629   0.01992  0.004158   0.06037        62       512     0.886    0.8267    0.9017    0.5193    0.0313   0.01425  0.001778
     19/29     6.65G   0.03521   0.01988  0.005387   0.06048        45       512    0.8235    0.8077    0.8723    0.5379   0.03252   0.01501   0.00162
     20/29     6.65G   0.03495   0.01975  0.003933   0.05864        46       512    0.8957    0.8551    0.9142    0.5593   0.02882    0.0137  0.001678
     21/29     6.65G   0.03346   0.01842  0.003995   0.05588        48       512    0.8744    0.8164    0.8984    0.5659   0.02992   0.01426  0.001499
     22/29     6.65G   0.03281   0.01979  0.004007   0.05661        62       512    0.7986    0.8438    0.8776    0.5523    0.0308   0.01469  0.001531
     23/29     6.65G   0.03316   0.01938  0.003616   0.05616        49       512    0.8214    0.8412    0.8984    0.5552   0.03102   0.01604  0.001426
     24/29     6.65G   0.03177   0.01911  0.003445   0.05433        62       512    0.8647    0.7904    0.8859    0.5533   0.03101   0.01475  0.001478
     25/29     6.65G   0.03177   0.01819  0.003008   0.05296        40       512    0.8275    0.8376    0.8922    0.5545   0.02938   0.01545  0.002141
     26/29     6.65G    0.0314    0.0181  0.003232   0.05273        48       512    0.8352    0.8378    0.8946    0.5747   0.02896   0.01508  0.002108
     27/29     6.65G   0.03009   0.01732  0.003496    0.0509        53       512     0.844    0.8456    0.8974    0.5713   0.02895   0.01499  0.001642
     28/29     6.65G   0.03062   0.01804   0.00318   0.05184        53       512    0.8122     0.887    0.8925    0.5602   0.03098   0.01543  0.002118
     29/29     6.65G   0.02973   0.01757  0.003008   0.05031        50       512    0.8503    0.8551    0.9081    0.5831   0.02971   0.01551  0.001893
